((("120" .
   [2 0 0])
  (":height" .
   [3 0 0 0 0 0 0])
  ("setq" .
   [0 0 0 1])
  ("readStdin" .
   [3 0 0 0 0 0 0 0 0])
  ("ファイル番号" .
   [1 0 0 0 0 0])
  ("var" .
   [2 0 0])
  ("ジョブ番号" .
   [1 0 0 0 0])
  ("file" .
   [1 0 0 0])
  ("splfnbr" .
   [1 0 0 0 0 0 0])
  ("jobName" .
   [1 0 0 1 0 0 0])
  ("splfNumber" .
   [1 0 0 0 0 0 0 0 0 0])
  ("jobUser" .
   [0 0 0 0 1 0 0])
  ("jobNumber" .
   [0 0 0 0 1 0 0 0 0])
  ("pdfType" .
   [1 0 0 0 0 0 0])
  ("docBuilder" .
   [0 0 0 2 0 1 0 0 0 0])
  ("new" .
   [1 0 0])
  ("pdfFile" .
   [1 0 0 0 0 0 0])
  ("export" .
   [6 0 0 0 0 0])
  ("CLASSPATH" .
   [10 0 1 1 0 0 0 0 0])
  ("JARS" .
   [1 0 0 0])
  ("jar" .
   [1 0 0])))
